A = [3 3 0;
     6 4 7;
     -6 -8 9];

x = [1 2 3 12 13 14];
y = [4;5;6];

%%
A(2,1:3)